0.41683128476142883,0.4574893116950989
0.36295583844184875,0.4574893116950989
0.2883780896663666,0.4365336298942566
0.2872280180454254,0.4383237063884735
0.27381443977355957,0.449866384267807
0.2476801872253418,0.4594908356666565
0.2437143176794052,0.46391189098358154
0.27776601910591125,0.46748459339141846
0.27383625507354736,0.4308876395225525
0.3182835280895233,0.439443975687027
0.27082380652427673,0.47028738260269165
0.2822679281234741,0.44603559374809265
0.28802254796028137,0.4618048369884491
0.3182240128517151,0.4387240707874298
0.2950797379016876,0.46086031198501587
0.2887519598007202,0.5069404244422913
0.42413899302482605,0.5608504414558411
0.5118974447250366,0.5465863347053528
0.4573335647583008,0.6499068737030029
0.7475966215133667,0.8373077511787415
0.7525748014450073,0.7330732941627502
0.4751219153404236,0.6760306358337402
0.5420863032341003,0.6592925786972046
0.47494661808013916,0.5523319244384766
0.35634487867355347,0.3972058892250061
0.28771188855171204,0.37053337693214417
0.2981261909008026,0.31546592712402344
0.2989703118801117,0.34065499901771545
0.2486080676317215,0.3429613709449768
0.36691880226135254,0.36551621556282043
0.29820096492767334,0.44786590337753296
0.3572354316711426,0.4396094083786011
0.41053974628448486,0.4877035319805145
0.6965137124061584,0.6523677706718445
0.41121119260787964,0.46780598163604736
0.43188369274139404,0.4621230363845825
0.4095328450202942,0.3039259910583496
0.2793146073818207,0.2511001229286194
0.31141167879104614,0.29381775856018066
0.33850616216659546,0.3521963953971863
0.3431669771671295,0.46852076053619385
0.43330687284469604,0.6797982454299927
0.5577095746994019,0.7565063238143921
0.47584113478660583,0.5474987030029297
0.3775502145290375,0.5759783387184143
0.46501070261001587,0.49684759974479675
0.29591649770736694,0.48425015807151794
0.32213592529296875,0.41220974922180176
0.32165026664733887,0.4279734492301941
0.2584557831287384,0.32818007469177246
0.2810598313808441,0.3464478850364685
0.3090684413909912,0.3551892042160034
0.3005216419696808,0.3721325099468231
0.3516218066215515,0.35766178369522095
0.28800562024116516,0.3132452368736267
0.2922382652759552,0.40568047761917114
0.2116144448518753,0.5873889923095703
0.23413726687431335,0.49867725372314453
0.2885020077228546,0.4296443462371826
0.25086262822151184,0.41286978125572205
0.27667102217674255,0.47505056858062744
0.26015394926071167,0.34567102789878845
0.24372701346874237,0.30925431847572327
0.2667541205883026,0.3494392931461334
0.2862323820590973,0.484506756067276
0.34832268953323364,0.5120596289634705
0.4283112585544586,0.716179370880127
0.5476294159889221,0.8444034457206726
0.5572720766067505,0.8993045091629028
0.7285327911376953,0.9048799872398376
0.7613190412521362,0.9275118112564087
0.7710102200508118,0.9157983660697937
0.7115598917007446,0.8367601633071899
0.5246052145957947,0.627780020236969
0.39245641231536865,0.37574082612991333
0.35927435755729675,0.3239125609397888
0.29962003231048584,0.3123216927051544
0.34681999683380127,0.4702554941177368
0.31126800179481506,0.4624335467815399
0.36951664090156555,0.5617496967315674
0.39194029569625854,0.5414408445358276
0.44716233015060425,0.6149707436561584
0.36742857098579407,0.6023558974266052
0.3618512451648712,0.6660665273666382
0.35819774866104126,0.7761053442955017
0.32598280906677246,0.781867504119873
0.22401951253414154,0.6735831499099731
0.3655734062194824,0.5013047456741333
0.270634263753891,0.42232823371887207
0.33827894926071167,0.3482290208339691
0.2583889663219452,0.3122686445713043
0.2801286578178406,0.3582126796245575
0.3318398594856262,0.3743901550769806
0.2776642441749573,0.3510396480560303
0.30876171588897705,0.33918699622154236
0.33641088008880615,0.35447266697883606
0.33103081583976746,0.47977331280708313
0.4578081965446472,0.6911317110061646
0.5354129672050476,0.8566869497299194
0.6088791489601135,0.7661383152008057
0.5532594919204712,0.8026231527328491
0.6832864284515381,0.9211825728416443
0.9042418003082275,0.9152268767356873
0.8110738396644592,0.8694012761116028
0.748765766620636,0.8601559400558472
0.7839115858078003,0.768439769744873
0.5918581485748291,0.8083897829055786
0.7002992630004883,0.8266556262969971
0.5631897449493408,0.5388827919960022
0.514198362827301,0.39485326409339905
0.4687778055667877,0.3415902853012085
0.3708638548851013,0.3481474816799164
0.27943873405456543,0.48488226532936096
0.42174121737480164,0.606596827507019
0.4411386549472809,0.6352532505989075
0.3434623181819916,0.6254304051399231
0.41459619998931885,0.5320168137550354
0.3671666383743286,0.5114270448684692
0.37792208790779114,0.5511038303375244
0.45288243889808655,0.4322735369205475
0.3100857436656952,0.4294703006744385
0.33679676055908203,0.3142184019088745
0.3347172737121582,0.2574878931045532
0.3217465281486511,0.27868762612342834
0.3500317633152008,0.2877410650253296
0.32056182622909546,0.2957586646080017
0.32204896211624146,0.3180118799209595
0.3259441554546356,0.5620946288108826
0.46407270431518555,0.7501858472824097
0.47397109866142273,0.8194644451141357
0.6010333299636841,0.5625014901161194
0.4697239398956299,0.6487412452697754
0.6829280853271484,0.6876286864280701
0.6282429695129395,0.4424757957458496
0.5633319616317749,0.3899633586406708
0.43164384365081787,0.4846058785915375
0.470284104347229,0.700972318649292
0.6885749697685242,0.7851961255073547
0.7282611727714539,0.4587040841579437
0.49872973561286926,0.46106579899787903
0.4300994873046875,0.39031898975372314
0.3781893849372864,0.426290899515152
0.4111526310443878,0.5047786831855774
0.37794122099876404,0.5414042472839355
0.34652769565582275,0.4151526093482971
0.31646716594696045,0.42906129360198975
0.30802080035209656,0.36651837825775146
0.24181275069713593,0.4323449432849884
0.26771995425224304,0.38745635747909546
0.25364598631858826,0.33779671788215637
0.2864697575569153,0.44723519682884216
0.37640443444252014,0.4660479426383972
0.386549711227417,0.3714574873447418
0.27485838532447815,0.41579312086105347
0.18637613952159882,0.2961280643939972
0.22747844457626343,0.23270593583583832
0.23656219244003296,0.226449653506279
0.19529835879802704,0.24755306541919708
0.2775523066520691,0.2245490550994873
0.2697138786315918,0.2569880485534668
0.2601396143436432,0.22769495844841003
0.2722967267036438,0.31498342752456665
0.32912132143974304,0.4235329031944275
0.4022691249847412,0.4927787482738495
0.3634170889854431,0.2727240025997162
0.28525835275650024,0.2217806577682495
0.27592933177948,0.16975899040699005
0.2555363178253174,0.16418734192848206
0.24056482315063477,0.17474788427352905
0.30005306005477905,0.18356098234653473
0.20918428897857666,0.19283892214298248
0.2537403106689453,0.17718936502933502
0.2393985092639923,0.170918270945549
0.20748749375343323,0.20879802107810974
0.274777889251709,0.2589338719844818
0.2612432837486267,0.3536306917667389
0.33172282576560974,0.3723594844341278
0.4205452799797058,0.41888540983200073
0.30607903003692627,0.7497822046279907
0.573503851890564,0.8493552803993225
0.6447861194610596,0.793505072593689
0.663674533367157,0.7189709544181824
0.6507600545883179,0.6365522146224976
0.5116778612136841,0.7175442576408386
0.6103119850158691,0.4588485658168793
0.7454119324684143,0.3079371452331543
0.36049920320510864,0.2099301517009735
0.2892412543296814,0.17133615911006927
0.2121431827545166,0.20494972169399261
0.21498098969459534,0.19722560048103333
0.27975761890411377,0.24119023978710175
0.3035362660884857,0.22586137056350708
0.30953362584114075,0.22758792340755463
0.24276982247829437,0.3104333281517029
0.32755792140960693,0.5168559551239014
0.3574582636356354,0.6417496800422668
0.30182579159736633,0.45691996812820435
0.21268731355667114,0.2527189552783966
0.2723686099052429,0.20526322722434998
0.2724113464355469,0.22587430477142334
0.2898182272911072,0.2384168654680252
0.33409950137138367,0.24682684242725372
0.34634295105934143,0.3105745017528534
0.46079128980636597,0.49371737241744995
0.39273524284362793,0.5304867625236511
0.38687992095947266,0.33812567591667175
0.2557292580604553,0.3044115900993347
0.3660758435726166,0.29242077469825745
0.41217803955078125,0.44819119572639465
0.5351394414901733,0.6521919965744019
0.5456758141517639,0.8015178442001343
0.5800394415855408,0.7751028537750244
0.4480845034122467,0.5714442133903503
0.5066674947738647,0.40547889471054077
0.5262283086776733,0.33178532123565674
0.3307560682296753,0.2544538974761963
0.3345038890838623,0.33063799142837524
0.3438096046447754,0.4666880965232849
0.6108580231666565,0.43406006693840027
0.40723714232444763,0.24518102407455444
0.31161361932754517,0.27679139375686646
0.3822994828224182,0.34458494186401367
0.28505322337150574,0.3316290080547333
0.2883903980255127,0.27732712030410767
0.24738956987857819,0.18590812385082245
0.24064026772975922,0.1873663365840912
0.2507581114768982,0.18139584362506866
0.23387907445430756,0.18206886947155
0.2211184948682785,0.1937534362077713
0.2748636305332184,0.26007476449012756
0.2920372486114502,0.23414230346679688
0.18617604672908783,0.198481947183609
0.1878630816936493,0.16446714103221893
0.21157439053058624,0.2659795582294464
0.23460984230041504,0.2826330065727234
0.22363178431987762,0.2671995759010315
0.24197284877300262,0.2052055150270462
0.2429283708333969,0.16388151049613953
0.1797909289598465,0.19076484441757202
0.13111518323421478,0.22944752871990204
0.23674848675727844,0.21821625530719757
0.18201428651809692,0.22231844067573547
0.2563699781894684,0.2236543744802475
0.18690146505832672,0.22190825641155243
0.20821671187877655,0.18371368944644928
0.1726384162902832,0.1790432333946228
0.19308120012283325,0.17742076516151428
0.14191754162311554,0.16202276945114136
0.23867443203926086,0.16807344555854797
0.18257714807987213,0.17052219808101654
0.22876152396202087,0.1673024594783783
0.21325133740901947,0.16704389452934265
0.1976892650127411,0.1860562264919281
0.17022867500782013,0.21893204748630524
0.18348801136016846,0.25151562690734863
0.26485320925712585,0.22472886741161346
0.18608121573925018,0.18696986138820648
0.20046323537826538,0.24155105650424957
0.20544393360614777,0.19084368646144867
0.19293534755706787,0.20362488925457
0.18621478974819183,0.1708223521709442
0.19866949319839478,0.17656852304935455
0.17505837976932526,0.18406032025814056
0.17618140578269958,0.16877084970474243
0.1362202912569046,0.17235468327999115
0.2272663414478302,0.15732771158218384
0.22701294720172882,0.1733155995607376
0.29351189732551575,0.19796860218048096
0.18642249703407288,0.21685218811035156
0.20423507690429688,0.22384540736675262
0.24057719111442566,0.2469659298658371
0.20216268301010132,0.21869595348834991
0.20012693107128143,0.17764060199260712
0.1396523416042328,0.22874492406845093
0.262573778629303,0.24826225638389587
0.2773587703704834,0.2504809498786926
0.22281399369239807,0.3154287040233612
0.33096665143966675,0.2749949097633362
0.3996730148792267,0.5013514757156372
0.5441291332244873,0.7895230650901794
0.5717084407806396,0.6404070258140564
0.5068858861923218,0.2902698516845703
0.42160436511039734,0.2973357141017914
0.3392564356327057,0.3055042624473572
0.36939093470573425,0.21808737516403198
0.2459692806005478,0.16778962314128876
0.20645007491111755,0.1576046347618103
0.24574227631092072,0.22215189039707184
0.2795557975769043,0.20661431550979614
0.2368231862783432,0.17366646230220795
0.21043013036251068,0.18239568173885345
0.20070384442806244,0.19844116270542145
0.2091119885444641,0.20616212487220764
0.22408007085323334,0.19405387341976166
0.2152310609817505,0.15660631656646729
0.2179400771856308,0.18192389607429504
0.2786411643028259,0.17809665203094482
0.23333217203617096,0.17901557683944702
0.2549670338630676,0.19513550400733948
0.23336465656757355,0.17819742858409882
0.29779937863349915,0.1727628856897354
0.27108219265937805,0.23594722151756287
0.23331883549690247,0.21982114017009735
0.3900083303451538,0.27275899052619934
0.31958016753196716,0.23615653812885284
0.3229483366012573,0.38205382227897644
0.564773678779602,0.6252727508544922
0.6461552977561951,0.8388866186141968
0.8164464831352234,0.912145733833313
0.7315377593040466,0.9125204682350159
0.7414969205856323,0.9237836003303528
0.8011432886123657,0.922697901725769
0.756831169128418,0.9250689744949341
0.7316253185272217,0.9165818095207214
0.6812416315078735,0.8595288395881653
0.7466422915458679,0.9311817288398743
0.80580073595047,0.8907474279403687
0.6084465980529785,0.8281001448631287
0.6885623931884766,0.8271359205245972
0.7680473923683167,0.8540463447570801
0.6388984322547913,0.5055243372917175
0.543987512588501,0.41383782029151917
0.3384096920490265,0.4135754704475403
0.5094727873802185,0.5061236619949341
0.474841445684433,0.48790693283081055
0.5078806281089783,0.5403902530670166
0.4752693772315979,0.4818229675292969
0.46059027314186096,0.5926817059516907
0.5121244788169861,0.7582184076309204
0.6628811359405518,0.8662167191505432
0.6407051086425781,0.8803949952125549
0.7697254419326782,0.9070314168930054
0.8506113886833191,0.9264639019966125
0.8124875426292419,0.9460502862930298
0.8898880481719971,0.947898268699646
0.8055973649024963,0.9386433362960815
0.8967085480690002,0.9347481727600098
0.8954162001609802,0.9371454119682312
0.8702133893966675,0.9350665211677551
0.8361650705337524,0.92438805103302
0.7733429074287415,0.9196137189865112
0.8153842687606812,0.9165816307067871
0.7626248598098755,0.9012644290924072
0.7254679799079895,0.8919086456298828
0.7988312840461731,0.8804944157600403
0.8087844252586365,0.9062417149543762
0.7694489359855652,0.8866239786148071
0.6607367396354675,0.8939414024353027
0.7391713857650757,0.8168246746063232
0.44574499130249023,0.8793312907218933
0.6989854574203491,0.9295737147331238
0.7283101677894592,0.9270778298377991
0.6394851803779602,0.8854365348815918
0.7537733316421509,0.731033980846405
0.6276425123214722,0.690455436706543
0.5750601291656494,0.6863926649093628
0.5855076313018799,0.7458929419517517
0.5631575584411621,0.7945648431777954
0.5582778453826904,0.7635456323623657
0.5403076410293579,0.8780511617660522
0.5980094075202942,0.860225260257721
0.6371088027954102,0.775263786315918
0.5599161386489868,0.7956860065460205
0.6274911761283875,0.8385665416717529
0.6901633739471436,0.9010050296783447
0.7658658027648926,0.9307366609573364
0.7967523336410522,0.9360061883926392
0.7172098159790039,0.9000862836837769
0.8081563711166382,0.8460875153541565
0.666402280330658,0.8870618939399719
0.7793970704078674,0.8865904808044434
0.765720009803772,0.794863760471344
0.5099583864212036,0.5680904984474182
0.4677378535270691,0.6307814717292786
0.5497336387634277,0.6984824538230896
0.4978293180465698,0.4694291949272156
0.3539540767669678,0.4396227300167084
0.4898938834667206,0.5244643092155457
0.5096198916435242,0.5119062066078186
0.5521485209465027,0.4616287350654602
0.5459192395210266,0.3776651918888092
0.3881010115146637,0.29143333435058594
0.382003515958786,0.3429698050022125
0.3216847777366638,0.2483246922492981
0.30321043729782104,0.22175738215446472
0.24848932027816772,0.21531179547309875
0.1952369660139084,0.17205791175365448
0.2364511638879776,0.16138330101966858
0.23604105412960052,0.20104017853736877
0.1709020882844925,0.2670864462852478
0.25030988454818726,0.26313316822052
0.24144531786441803,0.37819769978523254
0.30256590247154236,0.37017372250556946
0.39630579948425293,0.36861100792884827
0.3970153033733368,0.3333379030227661
0.4876618981361389,0.4052623212337494
0.4038914740085602,0.39774996042251587
0.5175148248672485,0.5419144630432129
0.5445540547370911,0.5831276774406433
0.4989311993122101,0.6992907524108887
0.6388343572616577,0.6591023802757263
0.4804687201976776,0.6894914507865906
0.6563280820846558,0.7689310908317566
0.45989489555358887,0.6928776502609253
0.49769988656044006,0.5276874303817749
0.506581723690033,0.6814485788345337
0.6576840877532959,0.6170198321342468
0.44541245698928833,0.5024648308753967
0.4999176859855652,0.7472538352012634
0.5706226229667664,0.8486664295196533
0.4833070635795593,0.8987454175949097
0.44297951459884644,0.8803689479827881
0.48574239015579224,0.8100619912147522
0.3686695396900177,0.42101797461509705
0.3020486831665039,0.325371652841568
0.28703799843788147,0.327048122882843
0.3316924273967743,0.4028067886829376
0.29972681403160095,0.3641401529312134
0.28826940059661865,0.2934091091156006
0.2078162431716919,0.190691277384758
0.3127821683883667,0.23755080997943878
0.2963346540927887,0.16851221024990082
0.24406947195529938,0.2130526453256607
0.28254544734954834,0.3125750422477722
0.35076093673706055,0.3687962591648102
0.27150672674179077,0.32994136214256287
0.2834295630455017,0.38732439279556274
0.3271089494228363,0.29466474056243896
0.36223259568214417,0.41214224696159363
0.49921587109565735,0.6107174754142761
0.3957228660583496,0.416707843542099
0.4274267852306366,0.3043690025806427
0.37971261143684387,0.32744231820106506
0.40245407819747925,0.33111435174942017
0.34435272216796875,0.3054144084453583
0.4109112620353699,0.34767892956733704
0.3256843686103821,0.41690191626548767
0.3630104959011078,0.504141628742218
0.3309860825538635,0.4835360646247864
0.39512306451797485,0.6308633089065552
0.4581575393676758,0.5110288858413696
0.33131474256515503,0.3333705961704254
0.3353365957736969,0.293017715215683
0.35675957798957825,0.2647182047367096
0.2463049292564392,0.21765293180942535
0.2166576087474823,0.1770402193069458
0.23892943561077118,0.1584373414516449
0.24624846875667572,0.1604478359222412
0.2091989368200302,0.21820810437202454
0.2366519719362259,0.29382431507110596
0.2572278082370758,0.22227081656455994
0.2114800363779068,0.16541150212287903
0.2202436923980713,0.16332462430000305
0.22587555646896362,0.1718582659959793
0.22155122458934784,0.19667749106884003
0.24318550527095795,0.21372081339359283
0.22395645081996918,0.26473793387413025
0.22950460016727448,0.32672110199928284
0.20872342586517334,0.21754784882068634
0.19008179008960724,0.17312709987163544
0.1919879913330078,0.16982990503311157
0.1728557050228119,0.17949526011943817
0.1876218318939209,0.16509243845939636
0.1809714436531067,0.1706138253211975
0.28803741931915283,0.20339712500572205
0.18875931203365326,0.20429271459579468
0.2100142538547516,0.2102774977684021
0.2007642537355423,0.1697341948747635
0.22255361080169678,0.17810063064098358
0.20620228350162506,0.21042190492153168
0.21327269077301025,0.23075534403324127
0.29273462295532227,0.20081356167793274
0.15194253623485565,0.19865256547927856
0.2513515055179596,0.21535098552703857
0.1863740235567093,0.18632186949253082
0.2661973536014557,0.235813170671463
0.23038095235824585,0.23913531005382538
0.16098123788833618,0.4026329219341278
0.22098450362682343,0.23560579121112823
0.21893449127674103,0.2547767460346222
0.26937705278396606,0.3141140937805176
0.24008449912071228,0.2207891196012497
0.27577149868011475,0.25990670919418335
0.2913091778755188,0.33831873536109924
0.4728342890739441,0.3876313269138336
0.40867313742637634,0.6865009069442749
0.5284301042556763,0.7381987571716309
0.5575976371765137,0.7260000705718994
0.4599854350090027,0.8221704959869385
0.5714795589447021,0.8117767572402954
0.6503505706787109,0.8066760897636414
0.5576857924461365,0.7983227968215942
0.589277446269989,0.8613563179969788
0.44663092494010925,0.8176118731498718
0.5714468359947205,0.6417908668518066
0.43020927906036377,0.645274817943573
0.5203931331634521,0.6739230751991272
0.6166479587554932,0.7298229336738586
0.4854266941547394,0.7408831715583801
0.4826832413673401,0.8100407123565674
0.4584912955760956,0.7728554010391235
0.4311642646789551,0.5792735815048218
0.3897828459739685,0.6097244620323181
0.3978179693222046,0.6807515025138855
0.48237869143486023,0.6623222231864929
0.417497456073761,0.4467611312866211
0.37928321957588196,0.502269983291626
0.4200038015842438,0.5088980793952942
0.4514065086841583,0.8133894205093384
0.4295685589313507,0.7992950677871704
0.4728917181491852,0.6153731942176819
0.507080078125,0.5838934779167175
0.41530701518058777,0.6053526997566223
0.4714459776878357,0.6725168824195862
0.42945733666419983,0.6662908792495728
0.5130999088287354,0.869012176990509
0.5238786339759827,0.8270347118377686
0.4968375861644745,0.7436525821685791
0.4315715432167053,0.7341468930244446
0.5621540546417236,0.7962290048599243
0.7243266701698303,0.8837854266166687
0.7482827305793762,0.9265041351318359
0.7938318252563477,0.9134450554847717
0.8152926564216614,0.819604754447937
0.3633347153663635,0.6888532638549805
0.5007879137992859,0.5189111232757568
0.4738496243953705,0.37586668133735657
0.4248930811882019,0.3097021281719208
0.44684848189353943,0.34362685680389404
0.3768113851547241,0.38668403029441833
0.3899536430835724,0.3375275433063507
0.29974979162216187,0.2096303254365921
0.20574696362018585,0.20072974264621735
0.26078763604164124,0.18931259214878082
0.22610418498516083,0.20437012612819672
0.2786940634250641,0.2314702570438385
0.26112741231918335,0.24103760719299316
0.25463974475860596,0.3518398106098175
0.2955285906791687,0.41984036564826965
0.4446483552455902,0.4068763554096222
0.5635623335838318,0.5827518105506897
0.5095129013061523,0.44951120018959045
0.5154223442077637,0.358262836933136
0.5069525241851807,0.47882822155952454
0.43774929642677307,0.7554634213447571
0.5229208469390869,0.7292618751525879
0.4672536253929138,0.6040887236595154
0.47336211800575256,0.564531147480011
0.44303980469703674,0.5957140326499939
0.5266737937927246,0.6243211627006531
0.536461353302002,0.7620779275894165
0.6028581857681274,0.8136100769042969
0.5758566856384277,0.7673875689506531
0.637600302696228,0.8032553791999817
0.7482572197914124,0.873083233833313
0.884270191192627,0.9096634984016418
0.6894441843032837,0.8807138204574585
0.6551294326782227,0.7983441948890686
0.7335171699523926,0.8302356004714966
0.6172048449516296,0.6831040978431702
0.6080116033554077,0.8761668801307678
0.48274046182632446,0.8442700505256653
0.6434054970741272,0.8888111710548401
0.8128042221069336,0.9088426828384399
0.7128396034240723,0.9047489762306213
0.7968894243240356,0.9121731519699097
0.7989463806152344,0.9167883396148682
0.8019967079162598,0.9254860281944275
0.8863611817359924,0.9232533574104309
0.791740894317627,0.9065301418304443
0.7505093216896057,0.9051120281219482
0.8073413968086243,0.9229184985160828
0.7960816621780396,0.9113158583641052
0.6810520887374878,0.8997315168380737
0.5603642463684082,0.8956007957458496
0.7848424315452576,0.87913978099823
0.6195549368858337,0.8230979442596436
0.47445040941238403,0.6247801184654236
0.512937605381012,0.6909048557281494
0.5025158524513245,0.800269603729248
0.4258696436882019,0.566866934299469
0.3333285450935364,0.4027632772922516
0.43197131156921387,0.4507240653038025
0.3194040060043335,0.37726253271102905
0.38567185401916504,0.450598806142807
0.39692994952201843,0.48599815368652344
0.40175795555114746,0.4954663813114166
0.32953977584838867,0.4240051209926605
0.35217946767807007,0.34046438336372375
0.25986558198928833,0.31776922941207886
0.29892751574516296,0.37853890657424927
0.32588282227516174,0.3672761619091034
0.32551103830337524,0.4818885326385498
0.38010895252227783,0.4773941934108734
0.28881698846817017,0.5238524079322815
0.35634008049964905,0.456953763961792
0.30219194293022156,0.4908987581729889
0.47870224714279175,0.605822741985321
0.5975015759468079,0.8447109460830688
0.5636945366859436,0.7107827663421631
0.5668447017669678,0.7372942566871643
0.5131173133850098,0.8927313089370728
0.9110010862350464,0.9248152375221252
0.8651463985443115,0.9144582748413086
0.6062561273574829,0.8712332248687744
0.5100476741790771,0.9095847010612488
0.5094016790390015,0.8855724930763245
0.46499544382095337,0.7569590210914612
0.4205099642276764,0.7724688053131104
0.3780662417411804,0.6895262002944946
0.3254773020744324,0.707801103591919
0.45941442251205444,0.7761020660400391
0.4789787232875824,0.7750914096832275
0.4609493017196655,0.7681489586830139
0.38124537467956543,0.7521991729736328
0.5095615983009338,0.714252233505249
0.4934309124946594,0.8888139724731445
0.5735677480697632,0.8904790878295898
0.6112990975379944,0.8853005766868591
0.6232538819313049,0.8103510141372681
0.6158658862113953,0.8402808904647827
0.6101345419883728,0.8685836791992188
0.6235432028770447,0.8612911701202393
0.5815470218658447,0.7414305806159973
0.4641598165035248,0.3042130470275879
0.37076282501220703,0.2158244550228119
0.3289776146411896,0.20645898580551147
0.27789080142974854,0.24406389892101288
0.23642250895500183,0.23072336614131927
0.25908777117729187,0.20959308743476868
0.2634775936603546,0.15610887110233307
0.30829304456710815,0.25692638754844666
0.2755047082901001,0.41554349660873413
0.3048163056373596,0.3298538625240326
0.24701498448848724,0.3042983114719391
0.33118709921836853,0.3138211667537689
0.26685830950737,0.2722627520561218
0.3242097795009613,0.457833468914032
0.34763747453689575,0.7253320217132568
0.4991344213485718,0.6434293389320374
0.36347973346710205,0.5659547448158264
0.5164825916290283,0.41617074608802795
0.30419519543647766,0.24420054256916046
0.2741234004497528,0.2865636348724365
0.23994684219360352,0.19127124547958374
0.26886221766471863,0.1444772630929947
0.200686514377594,0.13895051181316376
0.2638963758945465,0.17033550143241882
0.2486131638288498,0.14910250902175903
0.22040419280529022,0.1833476573228836
0.26274919509887695,0.22868303954601288
0.26531943678855896,0.12307366728782654
0.2098311483860016,0.16305308043956757
0.19608302414417267,0.15206651389598846
0.18394416570663452,0.18158496916294098
0.19944678246974945,0.19725239276885986
0.17248675227165222,0.16653883457183838
0.2240845263004303,0.15744945406913757
0.1789175570011139,0.17438074946403503
0.17382605373859406,0.13669946789741516
0.14061883091926575,0.1351817399263382
0.1654333621263504,0.18504713475704193
0.2557656466960907,0.2826043963432312
0.27308687567710876,0.19969896972179413
0.29953518509864807,0.2112235575914383
0.4159104526042938,0.20595811307430267
0.29283204674720764,0.1689278483390808
0.37342339754104614,0.23137107491493225
0.33452165126800537,0.27758508920669556
0.4116035997867584,0.29453128576278687
0.3173883855342865,0.17290489375591278
0.22859708964824677,0.14738249778747559
0.27345824241638184,0.13722912967205048
0.21262571215629578,0.19067862629890442
0.2972288727760315,0.15447601675987244
0.27684077620506287,0.13416966795921326
0.2556578516960144,0.12727956473827362
0.250270277261734,0.14514917135238647
0.24782437086105347,0.1951545625925064
0.2962101697921753,0.24511262774467468
0.29433271288871765,0.2730973958969116
0.365398108959198,0.6166661381721497
0.4154391884803772,0.4154813289642334
0.38923531770706177,0.3735002875328064
0.3469785153865814,0.29847678542137146
0.320578932762146,0.3553626239299774
0.5387192964553833,0.7643218636512756
0.7912469506263733,0.8393304347991943
0.5276471376419067,0.6008095145225525
0.5256684422492981,0.4444733262062073
0.5466210842132568,0.39954760670661926
0.5111820101737976,0.525891900062561
0.580420732498169,0.8116993308067322
0.8770112991333008,0.925452470779419
0.8380512595176697,0.9236983060836792
0.6625658273696899,0.8357861042022705
0.5847065448760986,0.877442479133606
0.7514081001281738,0.9035306572914124
0.5884291529655457,0.8966549634933472
0.8362282514572144,0.865882158279419
0.6390140056610107,0.6356760263442993
0.49354100227355957,0.5351914167404175
0.43751847743988037,0.44893208146095276
0.47634539008140564,0.4655751883983612
0.3892086446285248,0.47430291771888733
0.3789629340171814,0.45805495977401733
0.34181657433509827,0.4977695345878601
0.34592610597610474,0.49974027276039124
0.34127798676490784,0.4912268817424774
0.5516823530197144,0.6517709493637085
0.6740663051605225,0.8890361785888672
0.782924473285675,0.9125441908836365
0.7584168910980225,0.9234910607337952
0.8738878965377808,0.9434179663658142
0.8834017515182495,0.934051513671875
0.902777373790741,0.9254648685455322
0.8234081268310547,0.9263682961463928
0.739136278629303,0.9209163188934326
0.8164263963699341,0.9272977709770203
0.8221295475959778,0.9194667339324951
0.8045792579650879,0.9174938797950745
0.6446934342384338,0.916994035243988
0.8051963448524475,0.9245021939277649
0.816035807132721,0.9304803609848022
0.8271496891975403,0.9309672713279724
0.882122814655304,0.9292185306549072
0.7871941924095154,0.9249868392944336
0.6388018727302551,0.7450326085090637
0.5487210154533386,0.6287577152252197
0.5281630754470825,0.5391045808792114
0.42922642827033997,0.43523678183555603
0.40606722235679626,0.3954937160015106
0.3319912254810333,0.32039380073547363
0.3221511244773865,0.30208250880241394
0.3340235650539398,0.2513803541660309
0.29020291566848755,0.21847179532051086
0.3049861788749695,0.2111280858516693
0.21655987203121185,0.25214284658432007
0.26530417799949646,0.2545798420906067
0.3149684965610504,0.2657110095024109
0.2993776500225067,0.2883519232273102
0.3836838901042938,0.3901199698448181
0.41278311610221863,0.4291019141674042
0.47593173384666443,0.5106728672981262
0.5090917348861694,0.6026850938796997
0.5922766327857971,0.8122528195381165
0.33526304364204407,0.5826150178909302
0.3683684170246124,0.38932302594184875
0.27025628089904785,0.33004140853881836
0.3131980895996094,0.32734644412994385
0.3896339535713196,0.49947071075439453
0.43811485171318054,0.46248960494995117
0.6508870124816895,0.6362791061401367
0.5305081605911255,0.6936542987823486
0.6568669080734253,0.6606780886650085
0.7042003870010376,0.844806969165802
0.721233606338501,0.787195086479187
0.7013750672340393,0.7953665852546692
0.4605526924133301,0.4399612247943878
0.35763615369796753,0.2709161043167114
0.299189031124115,0.19099806249141693
0.2569863796234131,0.158730149269104
0.28100675344467163,0.16024194657802582
0.25530266761779785,0.14243067800998688
0.3207724392414093,0.1854037046432495
0.3448680639266968,0.23294736444950104
0.46056240797042847,0.2535903751850128
0.718575119972229,0.4623616933822632
0.7527521848678589,0.6144532561302185
0.43641507625579834,0.38483792543411255
0.4904544949531555,0.17566370964050293
0.3833523392677307,0.19781427085399628
0.41709816455841064,0.3097054958343506
0.45262226462364197,0.7081767916679382
0.5258991122245789,0.7121210098266602
0.30833593010902405,0.2793808579444885
0.3007829189300537,0.20444051921367645
0.3372819423675537,0.23535506427288055
0.34266260266304016,0.25966930389404297
0.20207226276397705,0.1465439796447754
0.22444471716880798,0.09339860081672668
0.19778691232204437,0.09228441119194031
0.2486560195684433,0.09814232587814331
0.25945401191711426,0.20897546410560608
0.22443749010562897,0.20724037289619446
0.24426914751529694,0.14738571643829346
0.33673095703125,0.23461775481700897
0.27038678526878357,0.20334869623184204
0.25360795855522156,0.17539599537849426
0.28037920594215393,0.13001978397369385
0.24451014399528503,0.1172383651137352
0.21095922589302063,0.12401966750621796
0.3543701171875,0.15411613881587982
0.4908393919467926,0.30334508419036865
0.5806223750114441,0.38666072487831116
0.5484161972999573,0.25424903631210327
0.3907463848590851,0.24310019612312317
0.5283904075622559,0.29861584305763245
0.6751632690429688,0.6176474690437317
0.6481706500053406,0.8083752989768982
0.6101655960083008,0.6793584227561951
0.42596280574798584,0.5149813294410706
0.4495082497596741,0.34194451570510864
0.3278357684612274,0.17323099076747894
0.3463156819343567,0.2005176544189453
0.26428064703941345,0.2015497237443924
0.24077868461608887,0.17709039151668549
0.29079583287239075,0.15533338487148285
0.262166291475296,0.2720950245857239
0.29091548919677734,0.23136334121227264
0.31932494044303894,0.22099298238754272
0.3679315447807312,0.25054091215133667
0.3781890273094177,0.4526444971561432
0.32052960991859436,0.5549010634422302
0.43756958842277527,0.5175427794456482
0.4103700816631317,0.46134141087532043
0.4865219295024872,0.40718746185302734
0.5669776797294617,0.6462526917457581
0.5523595213890076,0.8717803955078125
0.9415278434753418,0.8812373280525208
0.7638781666755676,0.751948893070221
0.6465649604797363,0.48204728960990906
0.7184462547302246,0.48204728960990906
0.7415274381637573,0.6915116310119629
0.7405869364738464,0.8109498620033264
0.7762254476547241,0.845766544342041
0.8349008560180664,0.9177739024162292
0.8690608143806458,0.9206486940383911
0.8723767399787903,0.9197613000869751
0.9360448122024536,0.9103617072105408
0.938103199005127,0.9053131341934204
0.8475537300109863,0.9152582287788391
0.5617542862892151,0.9123495221138
0.3972112834453583,0.8286969065666199
0.4554443955421448,0.7669894695281982
0.7010456323623657,0.7776229381561279
0.8496752977371216,0.8568124175071716
0.8409954309463501,0.9072276949882507
0.8317963480949402,0.9246156215667725
0.6279428601264954,0.920599102973938
0.7169541716575623,0.9197577238082886
0.7659527659416199,0.8933457136154175
0.7413224577903748,0.9094056487083435
0.8548503518104553,0.9162652492523193
0.7759305238723755,0.9022122025489807
0.5689199566841125,0.8729586005210876
0.5020533800125122,0.6905153393745422
0.6455459594726562,0.6525055170059204
0.6489845514297485,0.5082904100418091
0.6351841688156128,0.727994441986084
0.566311776638031,0.8084388375282288
0.689764678478241,0.7832576632499695
0.663897693157196,0.8502443432807922
0.619306743144989,0.8150089979171753
0.5358298420906067,0.7608548402786255
0.667798638343811,0.7918316721916199
0.8072381615638733,0.8615095615386963
0.6638113260269165,0.8460013270378113
0.668152928352356,0.7395723462104797
0.6849624514579773,0.7331409454345703
0.8750599026679993,0.8496478796005249
0.8689211010932922,0.84738689661026
0.8094117045402527,0.8377282023429871
0.8027373552322388,0.8413867950439453
0.8436927199363708,0.8869315981864929
0.7537761926651001,0.9014309644699097
0.6593425869941711,0.7911936044692993
0.7387639284133911,0.7886022329330444
0.6659330129623413,0.7672114968299866
0.6964455842971802,0.7134610414505005
0.6582320928573608,0.7700039148330688
0.7222479581832886,0.8118941783905029
0.5837849378585815,0.702900230884552
0.6245118379592896,0.630963146686554
0.7170135378837585,0.7085738778114319
0.7343122959136963,0.8203693628311157
0.7762664556503296,0.8344497084617615
0.7343758940696716,0.7942570447921753
0.8198637366294861,0.8673737645149231
0.8087823390960693,0.9113392233848572
0.8236797451972961,0.9117910265922546
0.756568968296051,0.8968095779418945
0.6791979074478149,0.7985137701034546
0.722553551197052,0.8010947704315186
0.7774771451950073,0.8155189752578735
0.6485384106636047,0.8588429093360901
0.6646612286567688,0.8417475819587708
0.6743391752243042,0.8855090737342834
0.6779026985168457,0.8223938345909119
0.7642622590065002,0.8538351655006409
0.5227736830711365,0.8789770603179932
0.5858921408653259,0.7479334473609924
0.6723781228065491,0.8371365070343018
0.7601774334907532,0.8101370334625244
0.7854009866714478,0.8792240023612976
0.8172191977500916,0.9247744083404541
0.7439735531806946,0.9009693264961243
0.7902377843856812,0.9297391772270203
0.7445898652076721,0.9281454682350159
0.7275637984275818,0.923039972782135
0.7823970317840576,0.9156785607337952
0.8209741711616516,0.9082971811294556
0.8853095173835754,0.9110180139541626
0.8253511786460876,0.9055042266845703
0.7073846459388733,0.8485204577445984
0.7075444459915161,0.6287356019020081
0.3768500089645386,0.6287356019020081
0.3685392439365387,0.2976458966732025
0.2991943955421448,0.25217142701148987
0.2384093701839447,0.2211197167634964
0.2529502511024475,0.17660270631313324
0.2271415740251541,0.1521952748298645
0.23490116000175476,0.13273802399635315
0.25708305835723877,0.18218500912189484
0.20566418766975403,0.19616559147834778
0.23330509662628174,0.2093770056962967
0.2466183304786682,0.23209848999977112
0.24258969724178314,0.195387601852417
0.2120848298072815,0.2671191990375519
0.24548056721687317,0.23579156398773193
0.2550886571407318,0.21319769322872162
0.22589877247810364,0.21475248038768768
0.2710835635662079,0.2911783456802368
0.23860526084899902,0.34713131189346313
0.20848433673381805,0.20233440399169922
0.19904468953609467,0.1570972502231598
0.23899462819099426,0.13084590435028076
0.19618847966194153,0.15474148094654083
0.13122011721134186,0.15243878960609436
0.20238837599754333,0.15541449189186096
0.20518594980239868,0.20436283946037292
0.20725491642951965,0.17510083317756653
0.2001873254776001,0.20064978301525116
0.37643179297447205,0.2658078372478485
0.3042272925376892,0.40151187777519226
0.2513050138950348,0.22163139283657074
0.1760743409395218,0.19957824051380157
0.2743157744407654,0.13660675287246704
0.20306742191314697,0.17620982229709625
0.22973990440368652,0.1760827898979187
0.30756139755249023,0.1960412561893463
0.3978675603866577,0.21129466593265533
0.43496328592300415,0.4460543692111969
0.44101983308792114,0.6597166657447815
0.37575140595436096,0.380403995513916
0.348649263381958,0.32392632961273193
0.3560941219329834,0.4175509512424469
0.2931209206581116,0.2692872881889343
0.3026840090751648,0.1514705866575241
0.27062398195266724,0.2078159749507904
0.2536022365093231,0.18265768885612488
0.2424117475748062,0.17151415348052979
0.20251290500164032,0.22728309035301208
0.2490202635526657,0.18558473885059357
0.2254248857498169,0.16277776658535004
0.2192598283290863,0.2069121152162552
0.23901207745075226,0.11991644650697708
0.26708099246025085,0.13130441308021545
0.21784843504428864,0.1547408550977707
0.19070090353488922,0.1505504846572876
0.1913856565952301,0.20823879539966583
0.22197219729423523,0.12674382328987122
0.2070816606283188,0.19566863775253296
0.15910954773426056,0.1948513388633728
0.21896228194236755,0.14209282398223877
0.1947348266839981,0.15415942668914795
0.2210157811641693,0.11735150218009949
0.2224542647600174,0.1350216269493103
0.22212862968444824,0.12513944506645203
0.19816888868808746,0.13779938220977783
0.21453456580638885,0.16121280193328857
0.22978796064853668,0.23859748244285583
0.29420071840286255,0.25912240147590637
0.3331200182437897,0.24040308594703674
0.18769629299640656,0.2631663978099823
0.21476316452026367,0.16983775794506073
0.19977623224258423,0.1325153112411499
0.21293507516384125,0.13013267517089844
0.2384546548128128,0.16586685180664062
0.21340791881084442,0.17179986834526062
0.2219846397638321,0.18540383875370026
0.22993116080760956,0.19859005510807037
0.23263861238956451,0.29558518528938293
0.17864537239074707,0.44334739446640015
0.21676962077617645,0.39278507232666016
0.22929000854492188,0.3784797787666321
0.2565072476863861,0.27144932746887207
0.20078124105930328,0.26933392882347107
0.2645673155784607,0.26263028383255005
0.1857275515794754,0.2440175712108612
0.1833537518978119,0.14227767288684845
0.20408549904823303,0.13708452880382538
0.2010611891746521,0.14116914570331573
0.24473769962787628,0.13550618290901184
0.23140165209770203,0.1509220004081726
0.25130510330200195,0.1551216095685959
0.23168522119522095,0.19256271421909332
0.3135875463485718,0.1571250706911087
0.25352591276168823,0.12611858546733856
0.23132814466953278,0.15254105627536774
0.22916944324970245,0.18987467885017395
0.23916006088256836,0.18627353012561798
0.2315305471420288,0.14166882634162903
0.22721104323863983,0.24150627851486206
0.1957947164773941,0.1781236231327057
0.18869343400001526,0.14141622185707092
0.19289159774780273,0.10050544142723083
0.22573798894882202,0.09693979471921921
0.22430755198001862,0.10024195164442062
0.2123894989490509,0.09459023177623749
0.20688366889953613,0.09177318215370178
0.2675410807132721,0.08806769549846649
0.26928016543388367,0.10899502038955688
0.26414135098457336,0.15583442151546478
0.3188987374305725,0.15275073051452637
0.32540011405944824,0.24426014721393585
0.3883649408817291,0.3963973820209503
0.4161877930164337,0.24671919643878937
0.48528289794921875,0.24108798801898956
0.47086241841316223,0.36446866393089294
0.4984886050224304,0.4226948320865631
0.3981977105140686,0.5617045164108276
0.4525139629840851,0.7330787181854248
0.7201538681983948,0.8009375333786011
0.54934161901474,0.6982346177101135
0.6770774126052856,0.7144855260848999
0.576545774936676,0.7274801731109619
0.5732423067092896,0.6840027570724487
0.5116581320762634,0.6250461935997009
0.5347508192062378,0.5541602373123169
0.579895555973053,0.3797210454940796
0.42789947986602783,0.3914336562156677
0.6555424332618713,0.3763327896595001
0.48344773054122925,0.7237823009490967
0.36132389307022095,0.35749056935310364
0.2748029828071594,0.16872379183769226
0.26422807574272156,0.17681884765625
0.2693050801753998,0.2221880406141281
0.2615010142326355,0.2366989403963089
0.2885691225528717,0.10709893703460693
0.24760471284389496,0.12368586659431458
0.24031813442707062,0.18223072588443756
0.28746429085731506,0.22656388580799103
0.2250695824623108,0.16729149222373962
0.2958475649356842,0.19012796878814697
0.22011758387088776,0.2265513837337494
0.23146994411945343,0.2202703058719635
0.1846310794353485,0.18230462074279785
0.2311420738697052,0.1496494859457016
0.25820741057395935,0.1651846319437027
0.17419442534446716,0.14860932528972626
0.21761836111545563,0.20391853153705597
0.20802727341651917,0.15498194098472595
0.22974997758865356,0.13539589941501617
0.1767539381980896,0.1882324516773224
0.2701304852962494,0.16177625954151154
0.20111846923828125,0.16684773564338684
0.1928381621837616,0.13763105869293213
0.18664029240608215,0.133368119597435
0.23741115629673004,0.2428595870733261
0.19507387280464172,0.2039995938539505
0.2646833062171936,0.16945791244506836
0.20019152760505676,0.12688063085079193
0.2447899878025055,0.20135977864265442
0.2158925086259842,0.17742037773132324
0.21530784666538239,0.22691650688648224
0.1838756650686264,0.1739896833896637
0.22801046073436737,0.14844296872615814
0.257902592420578,0.14592614769935608
0.1843288242816925,0.1785091608762741
0.20477566123008728,0.17256799340248108
0.20144109427928925,0.1513206511735916
0.21411603689193726,0.16095788776874542
0.19489672780036926,0.2644331157207489
0.16636639833450317,0.2488195300102234
0.24811480939388275,0.25379160046577454
0.24348580837249756,0.17564657330513
0.1934318244457245,0.15322603285312653
0.23334601521492004,0.19573792815208435
0.21136553585529327,0.13163037598133087
0.19343358278274536,0.13301624357700348
0.2819971442222595,0.14992746710777283
0.26415881514549255,0.23748284578323364
0.22614213824272156,0.22036100924015045
0.19657927751541138,0.28121402859687805
0.27858537435531616,0.15130408108234406
0.21467749774456024,0.14654885232448578
0.22555972635746002,0.1410178393125534
0.24527153372764587,0.191797137260437
0.3586382269859314,0.15668149292469025
0.23474986851215363,0.19479119777679443
0.311213880777359,0.1476111114025116
0.21151672303676605,0.17368315160274506
0.2749651074409485,0.20215672254562378
0.28150829672813416,0.19446177780628204
0.19643473625183105,0.12261214107275009
0.2006092220544815,0.11486069858074188
0.2375948131084442,0.116366446018219
0.21885378658771515,0.13607896864414215
0.24369163811206818,0.13825224339962006
0.24675729870796204,0.1210685595870018
0.22765545547008514,0.1506313979625702
0.27272310853004456,0.1675875335931778
0.26112738251686096,0.14753349125385284
0.2174970507621765,0.17954190075397491
0.2559976577758789,0.4811663329601288
0.24384699761867523,0.26104071736335754
0.25155994296073914,0.26120707392692566
0.23327629268169403,0.17254838347434998
0.22019003331661224,0.12386568635702133
0.24354635179042816,0.11996649205684662
0.21625153720378876,0.18160197138786316
0.19128406047821045,0.1995937079191208
0.2259463220834732,0.1880757063627243
0.23116648197174072,0.20865517854690552
0.19118766486644745,0.16008779406547546
0.21742452681064606,0.13639652729034424
0.1938191056251526,0.13923540711402893
0.23003531992435455,0.11109365522861481
0.22852733731269836,0.14306406676769257
0.26299288868904114,0.13190701603889465
0.24527743458747864,0.13344992697238922
0.22119611501693726,0.13276539742946625
0.17514052987098694,0.12430351972579956
0.23996548354625702,0.1531212478876114
0.22535152733325958,0.11491556465625763
0.2816537022590637,0.11141420900821686
0.236298069357872,0.13828130066394806
0.23243539035320282,0.16093610227108002
0.23279495537281036,0.1756940335035324
0.22059781849384308,0.15308600664138794
0.26415592432022095,0.09810224920511246
0.22107495367527008,0.09351591020822525
0.20834632217884064,0.08793534338474274
0.2259329855442047,0.14310523867607117
0.19956964254379272,0.13758637011051178
0.25952741503715515,0.15384379029273987
0.23807048797607422,0.156586691737175
0.23580610752105713,0.27388712763786316
0.26751941442489624,0.21294721961021423
0.28633299469947815,0.3565819263458252
0.2847372889518738,0.1834084391593933
0.3131321370601654,0.3086954951286316
0.2708772122859955,0.23758593201637268
0.29673367738723755,0.2690751552581787
0.28856557607650757,0.31839534640312195
0.3566809594631195,0.31839534640312195
0.3197874128818512,0.3285714387893677
0.7835169434547424,0.3285714387893677
0.8329879641532898,0.8313915133476257
0.7666089534759521,0.8799200654029846
0.7517682909965515,0.8934543132781982
0.7710798978805542,0.9231891632080078
0.7979323863983154,0.8734802007675171
0.7700210213661194,0.8471304178237915
0.8195821046829224,0.8879035115242004
0.7268946766853333,0.9413739442825317
0.70863938331604,0.9139527678489685
0.6880809664726257,0.904714047908783
0.8302521109580994,0.9457528591156006
0.8268787264823914,0.9561086297035217
0.6539415717124939,0.9435444474220276
0.39214715361595154,0.928275465965271
0.5661382079124451,0.8944130539894104
0.7545089721679688,0.9120663404464722
0.7380045056343079,0.9090854525566101
0.8498348593711853,0.938060462474823
0.8264179825782776,0.895461916923523
0.8231777548789978,0.8523752093315125
0.7339940071105957,0.8163357973098755
0.5865426063537598,0.7250314354896545
0.6853333711624146,0.7680866122245789
0.60886150598526,0.7649838924407959
0.5590956807136536,0.6717094779014587
0.4294365346431732,0.5627486109733582
0.44717681407928467,0.5819464325904846
0.43840792775154114,0.6609012484550476
0.4298962652683258,0.6691358685493469
0.6212823987007141,0.628231942653656
0.7213074564933777,0.6870275139808655
0.7181282043457031,0.7419464588165283
0.4562845528125763,0.6881816983222961
0.45116329193115234,0.2720864713191986
0.3696289658546448,0.21559670567512512
0.32589203119277954,0.18682624399662018
0.28173938393592834,0.12083041667938232
0.2812536954879761,0.11206693947315216
0.2562183439731598,0.09862435609102249
0.29658108949661255,0.10270286351442337
0.26707592606544495,0.14473751187324524
0.32458168268203735,0.2003854364156723
0.3094410002231598,0.2090548872947693
0.2752242386341095,0.31206923723220825
0.27214524149894714,0.1902647167444229
0.2513592541217804,0.1753075122833252
0.26381275057792664,0.31228116154670715
0.26269587874412537,0.20256191492080688
0.2685319185256958,0.13981984555721283
0.2559289038181305,0.10848644375801086
0.21105018258094788,0.1264355182647705
0.18054857850074768,0.11234477907419205
0.18880195915699005,0.13768546283245087
0.24884675443172455,0.15773062407970428
0.21110732853412628,0.1213906779885292
0.19567857682704926,0.12240130454301834
0.20247262716293335,0.1184910461306572
0.22598449885845184,0.13505007326602936
0.18393248319625854,0.11673026531934738
0.29074719548225403,0.09314323216676712
0.19973845779895782,0.0868714228272438
0.254504919052124,0.0954350158572197
0.25048723816871643,0.08870109170675278
0.23686577379703522,0.11782200634479523
0.27170056104660034,0.13562628626823425
0.2752436101436615,0.09372597932815552
0.32172858715057373,0.12213142961263657
0.331945538520813,0.08779161423444748
0.4317602515220642,0.10261158645153046
0.5208126902580261,0.13332140445709229
0.6612305045127869,0.2956474721431732
0.5858840942382812,0.6817237138748169
0.6368895173072815,0.7368823289871216
0.5302765369415283,0.581111490726471
0.44414031505584717,0.54303377866745
0.4821377098560333,0.3783465325832367
0.4158984124660492,0.3309040069580078
0.41285282373428345,0.2797178626060486
0.41094157099723816,0.37270045280456543
0.2742708623409271,0.2917890250682831
0.47035056352615356,0.28814536333084106
0.4275231659412384,0.3280130922794342
0.5582897067070007,0.3308365046977997
0.44778838753700256,0.3591841757297516
0.4326625168323517,0.49313801527023315
0.46986696124076843,0.46822625398635864
0.45957615971565247,0.41163957118988037
0.497945100069046,0.37901195883750916
0.7854503393173218,0.5501729249954224
0.7375943064689636,0.7230517864227295
0.7271948456764221,0.6614670753479004
0.6750851273536682,0.6885935664176941
0.5701689720153809,0.6667125225067139
0.5881029963493347,0.6649338603019714
0.810989260673523,0.8196029663085938
0.7475316524505615,0.8964616060256958
0.6647313833236694,0.9046986699104309
0.6193247437477112,0.8923327326774597
0.750708281993866,0.8953883051872253
0.8880162239074707,0.9150264859199524
0.7305500507354736,0.887390673160553
0.5959019064903259,0.7997691035270691
0.6710861921310425,0.6163581609725952
0.6183724999427795,0.5135898590087891
0.5911955833435059,0.46355029940605164
0.40854766964912415,0.49154555797576904
0.33294597268104553,0.19301985204219818
0.3507102131843567,0.2084672898054123
0.3224462866783142,0.15688054263591766
0.2748657166957855,0.17854326963424683
0.239710733294487,0.15162408351898193
0.2817026972770691,0.1438957005739212
0.24413631856441498,0.12046095728874207
0.24241191148757935,0.10211728513240814
0.2610514760017395,0.09752815216779709
0.20265354216098785,0.11642351001501083
0.2565980851650238,0.10420351475477219
0.2511715888977051,0.10461994260549545
0.28471505641937256,0.14720803499221802
0.36786967515945435,0.21013858914375305
0.38344162702560425,0.23298674821853638
0.44651854038238525,0.5102692246437073
0.3358883261680603,0.5088077783584595
0.512556254863739,0.5505730509757996
0.5022023320198059,0.7408838272094727
0.5333518385887146,0.605787992477417
0.6587494611740112,0.5674457550048828
0.846435010433197,0.7612801194190979
0.7581325173377991,0.9208531379699707
0.4857415556907654,0.8945083022117615
0.44439348578453064,0.8536412715911865
0.5088490843772888,0.8694059252738953
0.723866879940033,0.9003943800926208
0.6903119087219238,0.8785566687583923
0.6892081499099731,0.9003058671951294
0.8609455227851868,0.9302938580513
0.8986200094223022,0.9338652491569519
0.8644249439239502,0.9305733442306519
0.8460263013839722,0.9300124645233154
0.7519649267196655,0.9253460168838501
0.7522782683372498,0.914054274559021
0.7481731176376343,0.9268415570259094
0.7995747923851013,0.9219059348106384
0.7740606665611267,0.8956009745597839
0.710902988910675,0.9030590653419495
0.7602524161338806,0.9072571396827698
0.9036046862602234,0.9145951271057129
0.9380947351455688,0.9237222671508789
0.859344482421875,0.9234846234321594
0.8514537215232849,0.918544352054596
0.8258700370788574,0.9172682166099548
0.7885764241218567,0.9151898622512817
0.8062648177146912,0.9038365483283997
0.8201922178268433,0.9111539125442505
0.8162405490875244,0.9109446406364441
0.7613158822059631,0.903473436832428
0.7943434119224548,0.8959304690361023
0.740420937538147,0.9170692563056946
0.803644597530365,0.9158302545547485
0.7980096340179443,0.9142979979515076
0.8810334801673889,0.9080994725227356
0.8839654922485352,0.9024477005004883
0.8248456716537476,0.9074222445487976
0.8558412194252014,0.9180834293365479
0.6691842079162598,0.9051157832145691
0.7980251908302307,0.8872776031494141
0.708976149559021,0.9105017781257629
0.8481646776199341,0.9182190895080566
0.9275244474411011,0.931635856628418
0.9063534140586853,0.9299488067626953
0.8190036416053772,0.929440975189209
0.8302581906318665,0.9342491030693054
0.8390907049179077,0.9390543699264526
0.8475522994995117,0.9376466274261475
0.8211966753005981,0.9441256523132324
0.7045170068740845,0.940221905708313
0.71413654088974,0.9192654490470886
0.7479063868522644,0.9324345588684082
0.7665050029754639,0.9394295811653137
0.6954646706581116,0.9444993138313293
0.7880414724349976,0.9372431039810181
0.894079327583313,0.9440093040466309
0.8966012001037598,0.9289484620094299
0.9632251858711243,0.9161388278007507
0.7315587997436523,0.9048978686332703
0.7940981984138489,0.8070192337036133
0.8459630608558655,0.859347403049469
0.5399246215820312,0.74668949842453
0.5091950297355652,0.7417230010032654
0.4815300703048706,0.5284863114356995
0.28812503814697266,0.42587369680404663
0.3466153144836426,0.2516743838787079
0.286160409450531,0.24824628233909607
0.2586541771888733,0.25595924258232117
0.301479309797287,0.23935048282146454
0.2703714668750763,0.223313570022583
0.27232280373573303,0.21051505208015442
0.24174824357032776,0.23948781192302704
0.31476226449012756,0.27397552132606506
0.36018073558807373,0.2596064805984497
0.3496432304382324,0.2837710380554199
0.4610894024372101,0.27038878202438354
0.39998528361320496,0.5036227703094482
0.39965397119522095,0.4021974802017212
0.49286988377571106,0.35447219014167786
0.5104970932006836,0.6106613874435425
0.5447811484336853,0.6479343175888062
0.45549994707107544,0.5975867509841919
0.35671862959861755,0.5580412149429321
0.3270490765571594,0.3657170236110687
0.41058772802352905,0.4310438632965088
0.29833558201789856,0.7488737106323242
0.22514046728610992,0.5266736149787903
0.2560737133026123,0.35372674465179443
0.2002953439950943,0.2885245680809021
0.28065741062164307,0.2197713553905487
0.24562446773052216,0.1978209912776947
0.2389925867319107,0.19311966001987457
0.28236886858940125,0.37663722038269043
0.23288823664188385,0.4457048177719116
0.22817590832710266,0.3903379738330841
0.17943626642227173,0.5578023791313171
0.21635514497756958,0.282687246799469
0.22428545355796814,0.21440768241882324
0.29396289587020874,0.17307469248771667
0.23114964365959167,0.1631893515586853
0.23054660856723785,0.17986877262592316
0.25419116020202637,0.15839731693267822
0.2254306972026825,0.163882777094841
0.23046819865703583,0.19241195917129517
0.21256552636623383,0.19015228748321533
0.23994402587413788,0.17454202473163605
0.21296891570091248,0.18642579019069672
0.18891167640686035,0.25325486063957214
0.24351458251476288,0.259333997964859
0.23946025967597961,0.24067331850528717
0.1817917823791504,0.17305488884449005
0.2463446855545044,0.1588677316904068
0.17428074777126312,0.1711897850036621
0.18097874522209167,0.132747083902359
0.16815946996212006,0.1396152675151825
0.20557084679603577,0.13220103085041046
0.2342095673084259,0.1311994343996048
0.19392038881778717,0.14091013371944427
0.1991763561964035,0.16423514485359192
0.23065295815467834,0.1210596114397049
0.2609531879425049,0.11624129116535187
0.23587262630462646,0.1271541714668274
0.2881986200809479,0.1260189712047577
0.3106357455253601,0.1851710081100464
0.30105462670326233,0.17828674614429474
0.2668502628803253,0.1724235713481903
0.5118584632873535,0.27299702167510986
0.657109260559082,0.7071000337600708
0.39125657081604004,0.7547644972801208
0.35910069942474365,0.448514461517334
0.3397861421108246,0.26402702927589417
0.26168617606163025,0.25621289014816284
0.31241756677627563,0.22775931656360626
0.2883709669113159,0.186224564909935
0.24526581168174744,0.2172268033027649
0.22363290190696716,0.208115816116333
0.20789800584316254,0.14633655548095703
0.22059056162834167,0.12792789936065674
0.21745586395263672,0.15068666636943817
0.21463528275489807,0.1505727618932724
0.17724095284938812,0.1498824954032898
0.22035276889801025,0.1831039935350418
0.20496144890785217,0.16863849759101868
0.17962011694908142,0.15375477075576782
0.23440483212471008,0.18208709359169006
0.27647536993026733,0.1708153784275055
0.22750157117843628,0.1886521875858307
0.20531843602657318,0.1452004462480545
0.20997148752212524,0.15681327879428864
0.20579363405704498,0.17349226772785187
0.19912481307983398,0.15264712274074554
0.27885812520980835,0.15323668718338013
0.2592580020427704,0.2019219845533371
0.2569620907306671,0.23895548284053802
0.19718657433986664,0.3860956132411957
0.17559175193309784,0.3700907826423645
0.17905330657958984,0.25420236587524414
0.20098404586315155,0.22626639902591705
0.18713052570819855,0.1882270723581314
0.22454914450645447,0.1961512714624405
0.20207828283309937,0.19642941653728485
0.22261720895767212,0.2099544256925583
0.18954716622829437,0.21407462656497955
0.22028201818466187,0.3161317706108093
0.26061728596687317,0.19477175176143646
0.19439668953418732,0.1728116124868393
0.19742561876773834,0.17179615795612335
0.1465650498867035,0.18290852010250092
0.15721659362316132,0.19689622521400452
0.2075374275445938,0.18037572503089905
0.1909584254026413,0.1891898214817047
0.2039126455783844,0.16677984595298767
0.18320803344249725,0.18385323882102966
0.23303139209747314,0.19302015006542206
0.24246113002300262,0.1929200142621994
0.217981219291687,0.21362432837486267
0.17344878613948822,0.20760953426361084
0.20187699794769287,0.17644894123077393
0.2030099779367447,0.16583704948425293
0.1950715184211731,0.23688587546348572
0.187315434217453,0.19733767211437225
0.21283970773220062,0.220614492893219
0.21954497694969177,0.187799870967865
0.24876141548156738,0.1628899723291397
0.2812071442604065,0.16176937520503998
0.267119437456131,0.15688800811767578
0.19459593296051025,0.1439329981803894
0.29066044092178345,0.14791154861450195
0.36657318472862244,0.19785448908805847
0.31379029154777527,0.2523970901966095
0.4486125707626343,0.2395823448896408
0.3304644823074341,0.2786959409713745
0.3070884346961975,0.34686025977134705
0.4692629277706146,0.3007323741912842
0.5283460021018982,0.5811368227005005
0.4997802674770355,0.7474247217178345
0.37031275033950806,0.4650707542896271
0.32668235898017883,0.24236944317817688
0.30955514311790466,0.20893719792366028
0.40567439794540405,0.235980823636055
0.5885449051856995,0.3468230962753296
0.4495127499103546,0.6828417778015137
0.7144333720207214,0.7441881895065308
0.7149264812469482,0.8254402875900269
0.8495978713035583,0.875304639339447
0.7858607769012451,0.915976881980896
0.743692934513092,0.9150921106338501
0.6577798128128052,0.8989540338516235
0.5871980786323547,0.9049639701843262
0.6328999400138855,0.8582189083099365
0.70623779296875,0.7882105112075806
0.46531492471694946,0.8332605957984924
0.5686715841293335,0.7290267944335938
0.5818162560462952,0.7362452745437622
0.5616923570632935,0.7823743224143982
0.7207473516464233,0.7955219149589539
0.667109489440918,0.8841829895973206
0.7788918018341064,0.8999868631362915
0.6769909858703613,0.9349938631057739
0.7987748980522156,0.9431999921798706
0.7937227487564087,0.9389438629150391
0.7596921920776367,0.9395824670791626
0.7637786269187927,0.9435356259346008
0.7564412951469421,0.9390679001808167
0.8768672943115234,0.9437330365180969
0.8015804290771484,0.936832845211029
0.7124984264373779,0.9495450854301453
0.6377658247947693,0.9282074570655823
0.6657847762107849,0.9021202325820923
0.7357158064842224,0.8076471090316772
0.6241945028305054,0.807278037071228
0.5084973573684692,0.8240267634391785
0.37019869685173035,0.793249785900116
0.3797842562198639,0.5649805665016174
0.36274319887161255,0.34566694498062134
0.3561234772205353,0.3461463451385498
0.4059847891330719,0.33780837059020996
0.5505289435386658,0.3671867847442627
0.4694921672344208,0.5624502897262573
0.5969380736351013,0.5555670857429504
0.6180716753005981,0.5531667470932007
0.7980448007583618,0.8634762763977051
0.7357367277145386,0.8917617201805115
0.629828929901123,0.8520427942276001
0.7319207191467285,0.7612127065658569
0.7271575331687927,0.8231524229049683
0.740753173828125,0.8412434458732605
0.7746636271476746,0.8150968551635742
0.6810649037361145,0.8330315351486206
0.7862306237220764,0.8616564869880676
0.8401352763175964,0.8997595906257629
0.7055525183677673,0.9351373910903931
0.6314428448677063,0.8765567541122437
0.7757384181022644,0.9025919437408447
0.8930206298828125,0.8607579469680786
0.8681290149688721,0.9186735153198242
0.849372923374176,0.9395042657852173
0.7085287570953369,0.9362901449203491
0.6790341138839722,0.9015659093856812
0.6996656060218811,0.8574742078781128
0.7032703757286072,0.8980196714401245
0.38410982489585876,0.8589693307876587
0.3283318281173706,0.6684077978134155
0.6478458046913147,0.6873419880867004
0.6288384199142456,0.7399145364761353
0.43845033645629883,0.7408955693244934
0.40957048535346985,0.4097447693347931
0.3196909427642822,0.21099884808063507
0.3102273941040039,0.24889026582241058
0.27196207642555237,0.2082434892654419
0.3056671619415283,0.20530585944652557
0.4469533860683441,0.22127479314804077
0.391782283782959,0.22389774024486542
0.3541199862957001,0.34498822689056396
0.3266063332557678,0.41237786412239075
0.36771360039711,0.24894732236862183
0.3025953471660614,0.23821598291397095
0.32344698905944824,0.28328245878219604
0.4078845679759979,0.22652672231197357
0.3664237856864929,0.21022041141986847
0.3700433075428009,0.22442634403705597
0.47667941451072693,0.24786894023418427
0.3441832661628723,0.26355552673339844
0.519829273223877,0.6456961035728455
0.42524102330207825,0.6222655177116394
0.45332491397857666,0.43202897906303406
0.37402281165122986,0.42735838890075684
0.3845914602279663,0.3765740394592285
0.3970223069190979,0.36722004413604736
0.4763972759246826,0.416485071182251
0.4580134451389313,0.3231584429740906
0.6529776453971863,0.416157990694046
0.4985446631908417,0.6078784465789795
0.4245202839374542,0.799808144569397
0.354533851146698,0.7364700436592102
0.3744625449180603,0.638174831867218
0.41891083121299744,0.6200540065765381
0.6106854677200317,0.7126348614692688
0.7594905495643616,0.8133485317230225
0.8702978491783142,0.8428203463554382
0.7167101502418518,0.9121223092079163
0.6103000044822693,0.9157083034515381
0.48836952447891235,0.9090486764907837
0.4046890437602997,0.8462446928024292
0.2797522246837616,0.611190676689148
0.3801509737968445,0.4557955861091614
0.42585113644599915,0.3661623001098633
0.3387334644794464,0.45258644223213196
0.5086714029312134,0.692880392074585
0.5066853165626526,0.8342011570930481
0.40980201959609985,0.7886528968811035
0.4117852747440338,0.6040746569633484
0.3961329758167267,0.49429643154144287
0.4054102301597595,0.4825199544429779
0.5825448036193848,0.5362343192100525
0.6086220145225525,0.5836124420166016
0.5473990440368652,0.8073663711547852
0.48270484805107117,0.8211090564727783
0.37781059741973877,0.7495042681694031
0.27152374386787415,0.4301472306251526
0.2656886875629425,0.24824532866477966
0.3388196527957916,0.2902681529521942
0.4651027321815491,0.39990612864494324
0.32300785183906555,0.31613966822624207
0.3189840614795685,0.45329755544662476
0.3113947808742523,0.251544326543808
0.3824600577354431,0.22299540042877197
0.4188673496246338,0.2505198121070862
0.4987851083278656,0.29811668395996094
0.44067907333374023,0.5238542556762695
0.4671013653278351,0.8008069396018982
0.5580361485481262,0.7546653747558594
0.6552621722221375,0.7171937227249146
0.7111755609512329,0.8691413402557373
0.6099024415016174,0.8720458149909973
0.3717976212501526,0.8736533522605896
0.2857622802257538,0.7991219162940979
0.45865634083747864,0.5838202834129333
0.4596962034702301,0.5474134087562561
0.5404453873634338,0.5284639596939087
0.642928421497345,0.6245238184928894
0.7306164503097534,0.7347604036331177
0.6957515478134155,0.8397397994995117
0.540552020072937,0.8952767252922058
0.6693897843360901,0.8458712100982666
0.810498833656311,0.841996431350708
0.7176967859268188,0.874207079410553
0.799210250377655,0.9317201375961304
0.4735412001609802,0.9022588133811951
0.6282263398170471,0.8970751762390137
0.7231411337852478,0.900956928730011
0.5754572153091431,0.8571133613586426
0.5287737846374512,0.854540228843689
0.6274079084396362,0.752067506313324
0.2995533347129822,0.6541309952735901
0.341159462928772,0.3086501955986023
0.43064388632774353,0.24689114093780518
0.35656580328941345,0.16546908020973206
0.4396880269050598,0.26436668634414673
0.5669066905975342,0.38215088844299316
0.5374501943588257,0.5355910658836365
0.8125222325325012,0.6085878014564514
0.9392277002334595,0.5384182929992676
0.6925039887428284,0.8868380188941956
0.5948914885520935,0.9152780175209045
0.6716800332069397,0.8469573259353638
0.6090898513793945,0.8401269316673279
0.47369617223739624,0.8234078884124756
0.5583438277244568,0.6500693559646606
0.2966655492782593,0.6008875966072083
0.45762476325035095,0.5412188172340393
0.5620019435882568,0.4631689786911011
0.5971245169639587,0.4259112775325775
0.6056438088417053,0.5138464570045471
0.3857254683971405,0.6331449151039124
0.3735876679420471,0.5551120638847351
0.32125818729400635,0.2737313508987427
0.2676805853843689,0.28303632140159607
0.20960955321788788,0.2516501843929291
0.2751907408237457,0.2043853998184204
0.27324047684669495,0.20448365807533264
0.30571380257606506,0.19356563687324524
0.2657535672187805,0.209477961063385
0.3203648030757904,0.2230166643857956
0.5651236176490784,0.2612898051738739
0.35998430848121643,0.406832754611969
0.3885396420955658,0.44796043634414673
0.3847057819366455,0.3256347179412842
0.5741602778434753,0.2613866627216339
0.41813185811042786,0.27660390734672546
0.5495846271514893,0.5368058681488037
0.5593423247337341,0.5471982359886169
0.5201231837272644,0.7311913967132568
0.6191718578338623,0.6953520774841309
0.6482213735580444,0.5753982067108154
0.6719918251037598,0.5933545827865601
0.5643211007118225,0.646111786365509
0.6893637776374817,0.7653709650039673
0.7115856409072876,0.8300986886024475
0.8463132381439209,0.9322203993797302
0.8432551026344299,0.9394176602363586
0.8130443692207336,0.9364222288131714
0.8591998815536499,0.9456157684326172
0.9318011403083801,0.9519867897033691
0.7515251636505127,0.9453666806221008
0.6170641183853149,0.9384341239929199
0.4246138632297516,0.5358626246452332
0.34958207607269287,0.4119380712509155
0.4885881543159485,0.41200923919677734
0.8215731978416443,0.4173160195350647
0.834089994430542,0.6039719581604004
0.7716177105903625,0.8943977355957031
0.7772436738014221,0.9169941544532776
0.7424246668815613,0.923613965511322
0.8026130199432373,0.9149385094642639
0.563825786113739,0.8629698157310486
0.3297567665576935,0.8218774795532227
0.31581297516822815,0.5649934411048889
0.25582411885261536,0.3506736755371094
0.21666496992111206,0.21056032180786133
0.18873725831508636,0.19957737624645233
0.24977275729179382,0.18926110863685608
0.34378576278686523,0.1994943469762802
0.3491182029247284,0.21302245557308197
0.23712216317653656,0.493885338306427
0.21778962016105652,0.41908568143844604
0.2924714982509613,0.32791274785995483
0.23596307635307312,0.2881580889225006
0.24562861025333405,0.24661312997341156
0.2306065857410431,0.3161740303039551
0.1855473816394806,0.24489010870456696
0.2525499761104584,0.23289722204208374
0.2640586495399475,0.25823211669921875
0.31623759865760803,0.3005090355873108
0.38716453313827515,0.31748950481414795
0.33000844717025757,0.3793801963329315
0.27727338671684265,0.39808398485183716
0.2819095551967621,0.30200669169425964
0.3441031873226166,0.2820519506931305
0.2996428310871124,0.2552835941314697
0.3092682659626007,0.28207364678382874
0.28529366850852966,0.3302871584892273
0.29195478558540344,0.21844714879989624
0.3971450924873352,0.19585980474948883
0.37744376063346863,0.20825108885765076
0.5557215213775635,0.22961503267288208
0.5160890817642212,0.2688451111316681
0.43644049763679504,0.5028977990150452
0.7413869500160217,0.3896375894546509
0.4562249481678009,0.5180293321609497
0.44617098569869995,0.5137106776237488
0.36661234498023987,0.3799625635147095
0.38965681195259094,0.3351888954639435
0.38964369893074036,0.3575320541858673
0.35372141003608704,0.2720326781272888
0.4160774052143097,0.22433233261108398
0.49801886081695557,0.22552672028541565
0.5079378485679626,0.3347710072994232
0.5416098237037659,0.578244686126709
0.623788058757782,0.6058554649353027
0.30951806902885437,0.5678483843803406
0.3177154064178467,0.5204839706420898
0.5605053901672363,0.495934396982193
0.5323416590690613,0.5989840626716614
0.5849352478981018,0.5904744267463684
0.6755008101463318,0.6128045320510864
0.70028156042099,0.532586395740509
0.5291689038276672,0.6146944165229797
0.40351465344429016,0.7337035536766052
0.5412079095840454,0.4466298818588257
0.4468500018119812,0.40936514735221863
0.6713497042655945,0.39927899837493896
0.8273028135299683,0.47957322001457214
0.7538322806358337,0.6245396137237549
0.7077810168266296,0.8784905672073364
0.6450936794281006,0.7953066825866699
0.6210527420043945,0.7382574677467346
0.5351500511169434,0.624019205570221
0.6262383460998535,0.5749958157539368
0.645460844039917,0.5706963539123535
0.6218407154083252,0.5848369598388672
0.6016592979431152,0.6234418153762817
0.5757132172584534,0.6748904585838318
0.7231298089027405,0.689841091632843
0.8632552623748779,0.7174347639083862
0.8466537594795227,0.8523799777030945
0.884352445602417,0.9360267519950867
0.7585779428482056,0.9275864362716675
0.5563709139823914,0.906100332736969
0.523325502872467,0.9059910774230957
0.6028704047203064,0.896205484867096
0.7771673798561096,0.8924537897109985
0.7495902180671692,0.9020322561264038
0.8005553483963013,0.935923159122467
0.8205234408378601,0.9385054111480713
0.8839068412780762,0.935253381729126
0.9010361433029175,0.9390904903411865
0.8983861804008484,0.9329020380973816
0.9115110635757446,0.9421648979187012
0.7463499903678894,0.9338839650154114
0.7926807999610901,0.9278894066810608
0.8764948844909668,0.9229820966720581
0.7430680990219116,0.9278055429458618
0.7439946532249451,0.9248239398002625
0.6685237884521484,0.8552955985069275
0.5428135991096497,0.7613937258720398
0.6370103359222412,0.8194724321365356
0.8438182473182678,0.8611208200454712
0.7555647492408752,0.8640698790550232
0.7946361303329468,0.9241931438446045
0.8736986517906189,0.916768491268158
0.7013627290725708,0.9278196096420288
0.7587085366249084,0.9177730679512024
0.7504333853721619,0.9116228818893433
0.7762407064437866,0.9229564070701599
0.7240420579910278,0.9262634515762329
0.6283958554267883,0.911093533039093
0.7773573994636536,0.8106158971786499
0.5962366461753845,0.835921049118042
0.7476006150245667,0.8190592527389526
0.6920596957206726,0.834852397441864
0.7235643863677979,0.7593541741371155
0.8405559659004211,0.7702392935752869
0.7142804265022278,0.8661025166511536
0.4787868559360504,0.8991404175758362
0.5074717402458191,0.7673722505569458
0.4107329249382019,0.42037901282310486
0.46770474314689636,0.34607553482055664
0.6180025339126587,0.3046647608280182
0.4460988938808441,0.3152789771556854
0.4909498691558838,0.356098473072052
0.4654788374900818,0.5394268035888672
0.406270295381546,0.4106629490852356
0.5161828398704529,0.4461267292499542
0.5010253190994263,0.45474016666412354
0.6614957451820374,0.5784049034118652
0.8431171178817749,0.5617151260375977
0.8116053938865662,0.6525296568870544
0.6361923217773438,0.7947885990142822
0.5441772937774658,0.9016583561897278
0.7877436876296997,0.8658633232116699
0.8602873682975769,0.8491858839988708
0.7929949164390564,0.8654614090919495
0.7045599222183228,0.9243868589401245
0.5301834344863892,0.9171062111854553
0.49899715185165405,0.8931516408920288
0.4660255014896393,0.6803279519081116
0.4342876374721527,0.4652675986289978
0.3318021595478058,0.385463684797287
0.37099573016166687,0.38596203923225403
0.4648914933204651,0.4569801986217499
0.4140336513519287,0.4419969618320465
0.467748761177063,0.5214759707450867
0.4593190848827362,0.6306014657020569
0.5175403356552124,0.5172149538993835
0.7376312017440796,0.605070948600769
0.56490159034729,0.6754463315010071
0.45176663994789124,0.6546616554260254
0.6524235010147095,0.7692301273345947
0.4457968771457672,0.6605594158172607
0.547546923160553,0.6965705156326294
0.6174400448799133,0.5287575721740723
0.5573475360870361,0.5776243209838867
0.38307324051856995,0.7074860334396362
0.662104606628418,0.6258633136749268
0.4831332564353943,0.49943116307258606
0.4969808757305145,0.43616414070129395
0.59970623254776,0.5537462830543518
0.5649318695068359,0.5283303260803223
0.46343299746513367,0.48240968585014343
0.4530586898326874,0.5126025676727295
0.3132884204387665,0.41142457723617554
0.330986350774765,0.35686245560646057
0.4383063316345215,0.32642093300819397
0.3439147174358368,0.32578933238983154
0.5559629201889038,0.30261772871017456
0.5607165694236755,0.38401809334754944
0.6161717176437378,0.5100821256637573
0.6629025340080261,0.46329599618911743
0.5319786071777344,0.5758211016654968
0.5962469577789307,0.742875337600708
0.5071588754653931,0.7562825083732605
0.48501360416412354,0.5868908762931824
0.4551711082458496,0.5405487418174744
0.6625712513923645,0.47535771131515503
0.8034075498580933,0.4396166503429413
0.8482003211975098,0.5797845721244812
0.724357545375824,0.8278612494468689
0.6773720383644104,0.9122248291969299
0.6253991723060608,0.8973408341407776
0.6366255879402161,0.845090389251709
0.5800859332084656,0.7108505964279175
0.6459436416625977,0.7213630676269531
0.6539362072944641,0.5870169401168823
0.679919421672821,0.5821501016616821
0.7218579649925232,0.6706186532974243
0.7691794633865356,0.6392909288406372
0.7693859338760376,0.6977216601371765
0.8000866770744324,0.772878885269165
0.8291448950767517,0.8827986717224121
0.799233615398407,0.9501367211341858
0.8834132552146912,0.9606859683990479
0.8275850415229797,0.9490260481834412
0.8231980800628662,0.9469586610794067
0.8241114020347595,0.9619461894035339
0.6929707527160645,0.9465603828430176
0.8743025064468384,0.9481799602508545
0.8111381530761719,0.9311502575874329
0.8082910180091858,0.9152743816375732
0.6506998538970947,0.9332690834999084
0.6742722392082214,0.9305036664009094
0.6921212673187256,0.8519895672798157
0.6133543252944946,0.8029106259346008
0.645287275314331,0.6175467371940613
0.5961856245994568,0.6674030423164368
